100 1137 1423 499 1014 0 175
200 2759 3118 1170 2262 0 525
300 4595 5210 1880 4156 0 994
400 6572 7543 2645 5119 0 1514
500 8647 11602 3455 8302 0 2148
600 10855 12433 4289 8486 0 2779
700 13118 15302 5163 11031 0 3537
800 15484 17908 6050 12500 0 4292
900 17810 21365 6952 13652 0 4903
1000 20238 24824 7844 15951 0 5725
1100 22716 30347 8764 18334 0 6694
1200 25285 29705 9758 20918 0 7501
1300 27769 34072 10646 21032 0 8506
1400 30468 38292 11654 26575 0 9369
1500 33068 42817 12619 29114 0 10283
1600 35782 45641 13583 28411 0 11450
1700 38450 48091 14542 30466 0 12589
1800 41110 48741 15599 33792 0 13006
1900 43938 52672 16611 32801 0 13975
2000 46574 56910 17513 35966 0 14932
2100 49344 61598 18481 38550 0 16065
2200 52192 68337 19530 42017 0 16781
2300 55104 68152 20571 41944 0 18088
2400 58013 72568 21720 49061 0 19447
2500 60996 75485 22750 49556 0 20534
2600 63662 79091 23666 49015 0 21349
2700 66609 82133 24748 50993 0 22270
2800 69582 85234 25796 56828 0 23197
2900 72483 90036 26833 56557 0 24508
3000 75437 89141 27918 58936 0 25796
