100 1000 1337 341 906 0 586
200 2599 3820 702 2342 0 1208
300 4266 5200 1075 3227 0 1861
400 5978 7308 1486 4581 0 2472
500 7917 9280 1925 5897 0 3142
600 9545 11833 2271 7212 0 3820
700 11530 14247 2654 8696 0 4484
800 13436 16607 3126 10259 0 5133
900 16137 19446 3526 11578 0 5755
1000 18243 22478 4008 13220 0 6394
1100 19872 24838 4346 14390 0 7010
1200 21535 26322 4596 16070 0 7696
1300 24024 30033 5139 17643 0 8365
1400 25862 32141 5449 19340 0 9041
1500 28357 35015 5847 20707 0 9739
1600 30233 37770 6331 22618 0 10436
1700 32206 40607 6848 24244 0 11137
1800 35264 44352 7402 25428 0 11846
1900 37341 46830 7818 27518 0 12538
2000 40547 48556 8324 28978 0 13212
2100 42053 51644 8763 30535 0 13850
2200 43899 55430 9233 31953 0 14607
2300 46546 59047 9599 33562 0 15320
2400 48311 62195 9889 35378 0 16001
2500 50650 67497 10373 37120 0 16752
2600 52487 70035 11021 38877 0 17399
2700 54605 74354 11392 40403 0 18096
2800 56434 78248 11816 42050 0 18832
2900 59210 80826 12451 43697 0 19524
3000 61482 84034 12824 45693 0 20192
