100 1019 1425 366 977 0 665
200 2242 3275 754 2096 0 1352
300 3544 5299 1108 3346 0 2085
400 4963 7407 1565 4680 0 2778
500 6143 9456 1946 6140 0 3478
600 7741 11675 2276 7431 0 4165
700 9326 14242 2734 8811 0 4879
800 10754 16608 3118 10393 0 5599
900 12075 18838 3448 11839 0 6332
1000 13316 21125 3836 13447 0 7051
1100 15015 23731 4216 15094 0 7776
1200 16839 25944 4616 16516 0 8454
1300 18690 28943 5221 18014 0 9217
1400 20121 31464 5503 19615 0 9900
1500 21572 34088 5847 21113 0 10620
1600 23259 36614 6318 22939 0 11364
1700 24797 38911 6703 24529 0 12096
1800 26082 41476 7029 26252 0 12782
1900 27433 44119 7322 27699 0 13530
2000 28580 46526 7650 29570 0 14244
2100 30166 49266 7953 31241 0 14936
2200 32358 52009 8523 32839 0 15617
2300 34193 54490 8929 34727 0 16333
2400 36162 56985 9345 36368 0 17051
2500 37997 60251 9964 37895 0 17809
2600 39835 63041 10397 39702 0 18521
2700 41532 66125 10781 41432 0 19211
2800 43152 68486 11157 43196 0 19894
2900 44813 71062 11553 44767 0 20629
3000 46203 74171 11831 46572 0 21302
