100 662.2 124.2 952.4 2753.6 273.2 2357.2
200 1480.8 270.2 2584 6222.6 429 5327.2
300 2847.6 501.2 5984 11238.6 608.8 7896.8
400 4082.6 580.6 5094.8 13713 840.2 10016.2
500 4466.2 860 6596.8 18997.8 1072.8 13049.4
600 5480.8 1060.2 7158 22474 1420.6 15180.2
700 6420.2 1343.4 9495.8 27375.6 1535.2 17773
800 10153.4 1515.4 11349.2 33131.8 1750.6 21399.4
900 9296 1655.6 12711.2 39160.8 2200.6 25279.4
1000 10877.4 1811.2 14430.8 44606.4 2381.4 27426
1100 11311.6 2080.4 16448 48576 2552.2 30078.8
1200 13353.8 2132.8 16875.2 52394 2994.4 32994.2
1300 13737.4 2417 18540.2 56068.6 2831 34596
1400 15100.6 2549 20240.8 62585 3108.8 38644.8
1500 15566.6 2774.4 21705.6 65766 3420.6 38748.8
1600 16830.2 2979.4 23054.8 74518.6 3470.4 44433.2
1700 19448.4 3093.4 24460.4 78288 3858.8 43650.8
1800 19116.2 3862.6 25872 83815.2 3976.6 45912.8
1900 20889.2 3378.8 27913.2 87493.4 4593.4 50639.2
2000 26746.8 3916.4 31034.6 99924.8 4520.4 54038.8
2100 24084 3995 31084.8 98613.4 4699 55694.4
2200 24303.2 4111.6 32837.8 103748 5365 55786.6
2300 26113.8 4679 34716 109224 5402.8 59681.4
2400 26350 4565.2 35994.6 116874 5333.4 64951.8
2500 29298 5050.6 37548.8 122667 5537 67270.6
2600 28727.2 4874 39770.8 124385 6052.2 69553.2
2700 29867.6 5520.2 43301 137935 6185.8 69397.4
2800 32542 5174 44821.6 131659 6576.8 73651.2
2900 35003 6176.2 47875 139930 6357.6 76041.2
3000 36611.4 5870.2 46841 150086 6925.4 78165.2
