100 677.6 136.2 992 3126.6 375.8 1207.6
200 1472.2 346.8 2574.4 7359.2 621.2 2691
300 2882.2 510 5108 16126.8 711.4 4772
400 3771.6 627.4 5099.6 16683.4 791 6084.8
500 5033.2 1032 6439.8 25802.6 1089.2 8267.2
600 5504.6 1134.8 7905.6 26828.2 1297 11556.8
700 7029.4 1472 9602.6 36394 1377.4 14993.2
800 10534.4 1889.4 12902 42677 1575.8 16976.6
900 9067.4 2024.6 13275 47160.6 1935.6 22242
1000 11398.6 2128.4 15753.8 55874.4 2026 24299.2
1100 12101 2672.2 17253 62594.2 2574 27117.2
1200 13962.6 2390.6 18285.4 65763.8 2575.6 31409.2
1300 14847.2 2961.8 19443 68880.6 2472.4 33100.2
1400 16115 3025.8 21739 84554.6 2722.2 37184.4
1500 16302.8 3404.6 23889 99000.8 2887.4 39779.8
1600 17870.4 3708.4 24436 93521.2 3145.8 44897.8
1700 20030.8 3824.6 26715.6 99969.8 3598.8 47862
1800 20463 4106.4 28884.6 105217 3486 49010
1900 20297 4291.4 30177.8 110193 3946.6 55214.8
2000 31226.8 4731.8 35165.4 124274 4642.2 57994.2
2100 24744.8 4915.4 33699.2 129532 4500.2 60092
2200 24689 5417.6 34478.2 135885 5124.2 61099.4
2300 26650.2 5306 37906.4 136574 5158.6 67209.6
2400 28163.8 5603.6 39083.8 160649 5353.6 71251.2
2500 30373 5979.8 39949.4 161167 5307.2 76079.4
2600 30685.6 5953.4 44078.2 157377 5176 81156.4
2700 34207.6 6212.6 46832.8 167247 5931.8 83692.6
2800 33393.2 6534 48052.8 184817 6604.6 85856.4
2900 35189.8 7622 52659.4 179390 6284.6 88573.2
3000 37091.8 6873.6 51085.6 186635 6266 95309.8
