100 658.2 146.8 1141 2789.8 218.4 2343.6
200 1592.8 265 2406.4 7683 368.6 4561.4
300 2664.2 568.6 5168.6 10726.4 594.2 9069.8
400 3684 591.8 4575.2 14098.2 912.8 9069.2
500 4288.8 655 6878 18921 882.4 11544.8
600 5412 842.4 7861.6 22989.4 1512.2 14448.8
700 6502.4 1001.6 8928.4 28751.8 1427 17082.8
800 9353.8 1543.4 12149.8 31903.8 1643 19869.6
900 9339.8 1464.6 13083.2 38981 2129.4 24459.2
1000 10998.4 1765.6 14762.2 45335 2175 26524
1100 11866.8 1985.2 15972.2 48124.6 2252.8 28649.8
1200 13373.2 1892.8 16657 52971.6 2824.6 32933.4
1300 13484.6 2232.4 18195.4 55306 2761 32493.8
1400 15065 2473.8 20473.6 61208.6 3194 37375.8
1500 16223.4 2634.4 21180.2 66545.6 3296.2 37834.6
1600 17642.6 3037.4 23215.6 72950.4 3396.2 40444.4
1700 18777 3165 25150.6 77341.4 3435.6 42887.6
1800 19847.4 3584.4 26039.6 85842.4 3647.2 46639.8
1900 21895.8 3415.4 29072 86562.2 4128.4 49474
2000 24971 3741.6 30643.2 95743.6 4408 52941.6
2100 23520.8 3823.2 33117.2 96860.4 4178.8 56573
2200 25028.8 4000.4 34096.8 103935 4991.6 59901.8
2300 27041 4231 34699.4 107220 4927.6 60395.4
2400 28748.8 4903.6 35961.8 115725 4832.4 60963
2500 29595.4 4750 38172.2 121198 5954.6 66111.6
2600 30416 5029.6 40260.6 123190 5629 68666
2700 33009.4 5280.2 40438.8 129737 5676.2 71411.6
2800 34609 6415.6 43846.8 137630 5736.2 72844.6
2900 36937.4 6475 47562 141445 5862.2 75436
3000 35992.2 6070 46284.2 147402 6016.2 76691.4
